Time_s	Speed_km/h
0	0
1	0
2	0
3	0.0706331
4	0.135426
5	0.19456
6	0.23459829059829
7	0.25425641025641
8	0.287863247863248
9	0.337401709401709
10	0.401401709401709
11	0.463897435897435
12	0.543384615384615
13	0.635692307692307
14	0.751145299145299
15	0.87842735042735
16	1.01435897435897
17	1.16581196581197
18	1.32841025641026
19	1.49928205128205
20	1.6842735042735
21	1.87805128205128
22	2.08878632478632
23	2.31740170940171
24	2.56430769230769
25	2.84222222222222
26	3.1499829059829
27	3.47292307692307
28	3.82738461538461
29	4.23535042735043
30	4.70410256410256
31	5.23582905982906
32	5.85610256410256
33	6.56560683760684
34	7.34615384615384
35	8.18977777777778
36	9.07005128205128
37	9.98933333333333
38	10.9302222222222
39	11.8902564102564
40	12.8404444444444
41	13.7805811965812
42	14.7011282051282
43	15.5887521367521
44	16.4343247863248
45	17.2209230769231
46	17.9367521367521
47	18.5836923076923
48	19.1604444444444
49	19.6660512820513
50	20.1103931623932
51	20.4957264957265
52	20.8136068376068
53	21.0830769230769
54	21.3033162393162
55	21.4752136752137
56	21.6105641025641
57	21.702735042735
58	21.7476581196581
59	21.7397948717949
60	21.6863247863248
61	21.5933333333333
62	21.482188034188
63	21.3690598290598
64	21.2441367521367
65	21.1050256410256
66	20.9445128205128
67	20.7652991452991
68	20.6004444444444
69	20.4531282051282
70	20.3227692307692
71	20.2166837606838
72	20.1591111111111
73	20.1532991452991
74	20.2013333333333
75	20.293811965812
76	20.4179829059829
77	20.5603418803419
78	20.7062222222222
79	20.8496752136752
80	21
81	21.1409572649573
82	21.2847521367521
83	21.4370256410256
84	21.608
85	21.7920341880342
86	21.9768888888889
87	22.1698461538461
88	22.3578803418803
89	22.5095384615385
90	22.6386666666667
91	22.741641025641
92	22.833641025641
93	22.925641025641
94	22.9980854700855
95	23.0322393162393
96	23.032547008547
97	23.0054017094017
98	22.9342222222222
99	22.8124444444444
100	22.6263247863248
101	22.3846153846154
102	22.0931282051282
103	21.7565811965812
104	21.4004102564102
105	21.026735042735
106	20.6603076923077
107	20.3174017094017
108	20.0007863247863
109	19.721641025641
110	19.4821538461538
111	19.2809230769231
112	19.1522051282051
113	19.0890256410256
114	19.0811623931624
115	19.118188034188
116	19.181264957265
117	19.253094017094
118	19.3213333333333
119	19.3820170940171
120	19.4184273504273
121	19.4116923076923
122	19.3509743589743
123	19.2131282051282
124	19.0072136752137
125	18.7363076923077
126	18.4247863247863
127	18.0801367521367
128	17.7159658119658
129	17.3615384615385
130	17.030905982906
131	16.7424273504273
132	16.4929572649573
133	16.2967179487179
134	16.1683418803419
135	16.1083760683761
136	16.1218803418803
137	16.1953162393162
138	16.321094017094
139	16.4964786324786
140	16.7147692307692
141	16.9829401709402
142	17.294735042735
143	17.6328205128205
144	17.9955213675214
145	18.3585641025641
146	18.7062222222222
147	19.0805128205128
148	19.4536068376068
149	19.8379487179487
150	20.2284102564102
151	20.6081367521367
152	20.9742905982906
153	21.3424957264957
154	21.7120341880342
155	22.0563760683761
156	22.3320341880342
157	22.5395555555555
158	22.6550427350427
159	22.6391452991453
160	22.4435555555555
161	22.0399658119658
162	21.409094017094
163	20.5688205128205
164	19.5330256410256
165	18.3118632478632
166	16.9139487179487
167	15.3813333333333
168	13.7507008547008
169	12.0791452991453
170	10.4069743589744
171	8.78030769230769
172	7.24594871794871
173	5.80396581196581
174	4.48663247863248
175	3.32410256410256
176	2.32581196581196
177	1.51705982905983
178	0.90013675213675
179	0.454427350427349
180	0.176512820512819
181	0.0347692307692297
182	0
183	0
184	0
185	0
186	0
187	0
188	0
189	0
190	0
191	0
192	0
193	0
194	0
195	0
196	0
197	0
198	0
199	0
200	0
201	0
202	0
203	0
204	0.0875
205	0.175
206	0.351726495726495
207	0.420717948717948
208	0.545846153846153
209	0.739999999999999
210	1.01811965811966
211	1.38235897435897
212	1.83483760683761
213	2.39340170940171
214	3.06769230769231
215	3.86420512820513
216	4.76458119658119
217	5.75555555555555
218	6.83104273504273
219	7.98266666666666
220	9.19405128205128
221	10.4430085470085
222	11.7034871794872
223	12.941641025641
224	14.1310769230769
225	15.2493333333333
226	16.3011282051282
227	17.2648888888889
228	18.1185641025641
229	18.8631794871795
230	19.5222222222222
231	20.0837948717949
232	20.5633846153846
233	20.9750427350427
234	21.3295042735043
235	21.6230427350427
236	21.8492991452991
237	22.0316581196581
238	22.1898461538461
239	22.3362393162393
240	22.4479658119658
241	22.5107008547008
242	22.5390427350427
243	22.5424957264957
244	22.516
245	22.4574017094017
246	22.3708717948718
247	22.2212991452991
248	21.9975384615385
249	21.7141538461538
250	21.3753162393162
251	20.9821196581196
252	20.5314188034188
253	20.0191111111111
254	19.4521367521367
255	18.8345299145299
256	18.1290256410256
257	17.3274188034188
258	16.4398290598291
259	15.4612991452991
260	14.4009230769231
261	13.2856068376068
262	12.1491282051282
263	10.9953162393162
264	9.82895726495726
265	8.65350427350427
266	7.49876923076923
267	6.39008547008547
268	5.34471794871795
269	4.37682051282051
270	3.49726495726496
271	2.71347008547008
272	2.01446153846154
273	1.42492307692308
274	0.952786324786323
275	0.597230769230768
276	0.353641025641025
277	0.206051282051281
278	0.1
279	0
280	0
281	0
282	0
283	0
284	0
285	0
286	0
287	0
288	0
289	0
290	0
291	0
292	0
293	0
294	0
295	0
296	0
297	0
298	0
299	0
300	0.0756526
301	0.1842
302	0.41
303	0.73
304	0.916102564102563
305	1.06762393162393
306	1.28892307692308
307	1.59791452991453
308	2.00776068376068
309	2.53131623931624
310	3.18239316239316
311	3.96687179487179
312	4.88211965811966
313	5.91490598290598
314	7.04652991452991
315	8.26447863247863
316	9.54263247863248
317	10.8499145299145
318	12.1756239316239
319	13.5068376068376
320	14.8144273504273
321	16.0689230769231
322	17.261811965812
323	18.3819829059829
324	19.4122735042735
325	20.3021538461538
326	21.0461196581197
327	21.6372649572649
328	22.097641025641
329	22.4343931623931
330	22.6740854700855
331	22.8050256410256
332	22.8211623931624
333	22.7189743589744
334	22.4833162393162
335	22.107452991453
336	21.5849230769231
337	20.9080341880342
338	20.0708717948718
339	19.0836239316239
340	17.9507692307692
341	16.6844786324786
342	15.3025299145299
343	13.8421196581197
344	12.349264957265
345	10.8519658119658
346	9.38806837606837
347	7.98611965811965
348	6.648
349	5.39299145299145
350	4.24564102564102
351	3.22068376068376
352	2.33223931623931
353	1.60574358974359
354	1.03832478632478
355	0.630461538461537
356	0.336136752136751
357	0.143658119658119
358	0.042700854700854
359	0.00208547008546947
360	0
361	0
362	0
363	0
364	0
365	0
366	0
367	0
368	0
369	0
370	0
371	0
372	0
373	0
374	0
375	0
376	0
377	0
378	0
379	0
380	0
381	0
382	0
383	0
384	0
385	0
386	0
387	0
388	0
389	0
390	0
391	0
392	0
393	0
394	0
395	0
396	0
397	0
398	0
399	0
400	0
401	0
402	0
403	0
404	0
405	0
406	0
407	0
408	0
409	0
410	0
411	0
412	0
413	0
414	0
415	0
416	0
417	0
418	0
419	0
420	0
421	0
422	0
423	0
424	0
425	0
426	0
427	0
428	0
429	0
430	0
431	0
432	0
433	0
434	0
435	0
436	0
437	0
438	0
439	0
440	0
441	0
442	0
443	0
444	0
445	0
446	0
447	0
448	0
449	0
450	0
451	0
452	0
453	0
454	0
455	0
456	0
457	0
458	0
459	0
460	0
461	0
462	0
463	0
464	0
465	0.09
466	0.18
467	0.365025641025641
468	0.408820512820512
469	0.516034188034187
470	0.682358974358974
471	0.927863247863247
472	1.2822905982906
473	1.76047863247863
474	2.35651282051282
475	3.03740170940171
476	3.77620512820513
477	4.56317948717948
478	5.38779487179487
479	6.24755555555555
480	7.13658119658119
481	8.04150427350427
482	8.96813675213675
483	9.89432478632478
484	10.8121709401709
485	11.6873504273504
486	12.5014017094017
487	13.2222564102564
488	13.8571282051282
489	14.4224273504273
490	14.9382222222222
491	15.3765128205128
492	15.7731965811966
493	16.1413333333333
494	16.482358974359
495	16.8146666666667
496	17.1621538461538
497	17.5240683760684
498	17.8634871794872
499	18.1464957264957
500	18.3506324786325
501	18.486358974359
502	18.5773675213675
503	18.6557948717949
504	18.7317948717949
505	18.8050598290598
506	18.8931623931624
507	19.0006153846154
508	19.1067008547008
509	19.1971282051282
510	19.2737094017094
511	19.3483418803419
512	19.4242735042735
513	19.4962051282051
514	19.5788034188034
515	19.677094017094
516	19.7784957264957
517	19.8809572649573
518	19.9738803418803
519	20.0494700854701
520	20.1169914529914
521	20.1383247863248
522	20.082735042735
523	19.9136752136752
524	19.6160683760684
525	19.1729572649573
526	18.5641709401709
527	17.8066666666667
528	16.9204444444444
529	15.9081709401709
530	14.7776068376068
531	13.5554188034188
532	12.2544273504273
533	10.9028376068376
534	9.54051282051282
535	8.2108376068376
536	6.91692307692307
537	5.67835897435897
538	4.53008547008547
539	3.50335042735042
540	2.60823931623931
541	1.84605128205128
542	1.21641025641025
543	0.728239316239315
544	0.380444444444443
545	0.162256410256409
546	0.0430769230769221
547	0.00953846153846066
548	0.0478632478632469
549	0.150051282051281
550	0.317059829059828
551	0.572205128205127
552	0.950666666666666
553	1.45117948717949
554	2.04960683760684
555	2.73904273504273
556	3.52670085470085
557	4.42533333333333
558	5.42707692307692
559	6.51606837606837
560	7.66324786324786
561	8.85353846153846
562	10.091282051282
563	11.3577094017094
564	12.6294017094017
565	13.8905641025641
566	15.1116239316239
567	16.2629401709402
568	17.3410256410256
569	18.3146324786325
570	19.1746666666667
571	19.9266324786325
572	20.5900512820513
573	21.1902905982906
574	21.7318632478632
575	22.2213333333333
576	22.6618803418803
577	23.0492649572649
578	23.3637948717949
579	23.6004444444444
580	23.7700170940171
581	23.8757948717949
582	23.9237948717949
583	23.899452991453
584	23.8188717948718
585	23.6905641025641
586	23.5265299145299
587	23.3247179487179
588	23.074905982906
589	22.7798632478632
590	22.4272136752137
591	22.0097435897436
592	21.5258119658119
593	21.0045811965812
594	20.4401367521367
595	19.8698803418803
596	19.3102222222222
597	18.7710427350427
598	18.2637606837607
599	17.7815042735043
600	17.3271794871795
601	16.9111452991453
602	16.5188717948718
603	16.1578803418803
604	15.8251282051282
605	15.517811965812
606	15.2433504273504
607	15.0120683760684
608	14.8266324786325
609	14.7161025641026
610	14.6531282051282
611	14.6152478632479
612	14.5965128205128
613	14.5968205128205
614	14.6223931623932
615	14.6836923076923
616	14.7877948717949
617	14.9417435897436
618	15.1372307692308
619	15.3408888888889
620	15.5108717948718
621	15.6249914529914
622	15.6745982905983
623	15.6085811965812
624	15.4021538461538
625	15.055452991453
626	14.5584273504273
627	13.8816752136752
628	13.0776068376068
629	12.1683760683761
630	11.1894017094017
631	10.1734017094017
632	9.13548717948717
633	8.08123076923077
634	7.04389743589743
635	6.0417094017094
636	5.11562393162393
637	4.32475213675213
638	3.70977777777777
639	3.30967521367521
640	3.14810256410256
641	3.2368547008547
642	3.56263247863248
643	4.07764102564102
644	4.74933333333333
645	5.5282735042735
646	6.42577777777777
647	7.3968547008547
648	8.38102564102564
649	9.37223931623931
650	10.3537094017094
651	11.291452991453
652	12.1783247863248
653	13.0302905982906
654	13.8297777777778
655	14.5508376068376
656	15.1813675213675
657	15.7011282051282
658	16.1062564102564
659	16.4113504273504
660	16.6199316239316
661	16.7517264957265
662	16.8372991452991
663	16.8953162393162
664	16.9527863247863
665	17.0152136752137
666	17.0631794871795
667	17.0691282051282
668	16.9953162393162
669	16.8164444444444
670	16.5082051282051
671	16.0743247863248
672	15.4837606837607
673	14.7446495726496
674	13.8631452991453
675	12.8480341880342
676	11.7451965811966
677	10.5726495726496
678	9.36444444444444
679	8.14423931623931
680	6.93921367521367
681	5.77111111111111
682	4.65336752136752
683	3.60622222222222
684	2.64396581196581
685	1.79422222222222
686	1.09818803418803
687	0.568854700854699
688	0.208478632478631
689	0.00447863247863139
690	0
691	0
692	0
693	0
694	0
695	0
696	0
697	0
698	0
699	0
700	0
701	0
702	0
703	0
704	0
705	0
706	0
707	0
708	0
709	0
710	0
711	0
712	0
713	0
714	0
715	0
716	0
717	0
718	0
719	0
720	0
721	0
722	0
723	0
724	0
725	0
726	0
727	0
728	0
729	0
730	0
731	0
732	0
733	0
734	0
735	0
736	0
737	0
738	0
739	0
740	0
741	0
742	0
743	0
744	0
745	0
746	0
747	0
748	0
749	0
750	0
751	0
752	0
753	0
754	0
755	0.1075
756	0.215
757	0.432752136752136
758	0.505606837606837
759	0.65059829059829
760	0.88711111111111
761	1.20697435897436
762	1.62362393162393
763	2.15497435897436
764	2.81651282051282
765	3.61135042735043
766	4.54557264957265
767	5.60868376068376
768	6.79552136752137
769	8.09500854700854
770	9.49904273504273
771	10.980547008547
772	12.5038632478632
773	14.0475897435897
774	15.5650598290598
775	17.0368888888889
776	18.4362051282051
777	19.7402393162393
778	20.9333675213675
779	21.9645811965812
780	22.8377777777778
781	23.5526495726496
782	24.1226666666667
783	24.5704615384615
784	24.9019145299145
785	25.1014017094017
786	25.1920341880342
787	25.199829059829
788	25.1635555555556
789	25.1055042735043
790	25.0329914529914
791	24.9574358974359
792	24.8861196581196
793	24.8283076923077
794	24.7917948717949
795	24.7812307692307
796	24.778735042735
797	24.8021196581196
798	24.8494017094017
799	24.9092991452991
800	24.9850598290598
801	25.0779145299145
802	25.1829743589743
803	25.2766495726496
804	25.3487863247863
805	25.4184273504273
806	25.4940854700855
807	25.5640683760684
808	25.6117606837607
809	25.6220854700855
810	25.5846153846154
811	25.5279316239316
812	25.4431111111111
813	25.3363076923077
814	25.1700854700855
815	24.9195213675214
816	24.5516239316239
817	24.0482393162393
818	23.3847521367521
819	22.5588376068376
820	21.5657094017094
821	20.4091965811966
822	19.1171623931624
823	17.6927521367521
824	16.1694358974359
825	14.568547008547
826	12.9193162393162
827	11.2550085470085
828	9.61367521367521
829	8.03613675213675
830	6.56109401709401
831	5.1937094017094
832	3.96143589743589
833	2.86482051282051
834	1.91832478632478
835	1.14266666666666
836	0.578393162393161
837	0.204752136752135
838	0
839	0
840	0
841	0.0315213675213665
842	0.222735042735042
843	0.480376068376067
844	0.812170940170939
845	1.22796581196581
846	1.7302905982906
847	2.32711111111111
848	3.01572649572649
849	3.79347008547008
850	4.64317948717949
851	5.55606837606837
852	6.51073504273504
853	7.48249572649572
854	8.45261538461538
855	9.42632478632478
856	10.3751111111111
857	11.2904615384615
858	12.1402393162393
859	12.9075555555556
860	13.5927863247863
861	14.1881709401709
862	14.6631452991453
863	15.0163760683761
864	15.2466324786325
865	15.3650256410256
866	15.4036581196581
867	15.3819487179487
868	15.336547008547
869	15.2747008547008
870	15.2011282051282
871	15.1065982905983
872	14.974188034188
873	14.7868034188034
874	14.5326153846154
875	14.2156239316239
876	13.8185641025641
877	13.3584273504273
878	12.853641025641
879	12.3170256410256
880	11.7697094017094
881	11.2080683760684
882	10.6351452991453
883	10.0651623931624
884	9.48413675213675
885	8.93295726495726
886	8.40249572649572
887	7.91155555555555
888	7.47917948717948
889	7.11993162393162
890	6.85617094017094
891	6.68810256410256
892	6.62666666666666
893	6.65435897435897
894	6.74461538461538
895	6.88188034188034
896	7.036
897	7.17764102564102
898	7.2745641025641
899	7.33107692307692
900	7.33309401709401
901	7.26820512820512
902	7.13794871794871
903	6.93025641025641
904	6.632
905	6.26813675213675
906	5.84707692307692
907	5.36574358974359
908	4.84102564102564
909	4.28328205128205
910	3.72047863247863
911	3.14868376068376
912	2.60150427350427
913	2.0902905982906
914	1.62331623931624
915	1.21555555555555
916	0.864547008547008
917	0.585128205128204
918	0.379452991452991
919	0.250188034188034
920	0.188068376068376
921	0.169743589743589
922	0.177333333333333
923	0.193675213675213
924	0.22451282051282
925	0.271897435897436
926	0.321264957264957
927	0.364478632478632
928	0.402529914529914
929	0.447350427350427
930	0.514290598290598
931	0.582940170940171
932	0.647999999999999
933	0.719008547008547
934	0.803692307692307
935	0.910119658119658
936	1.04598290598291
937	1.20328205128205
938	1.37736752136752
939	1.5751452991453
940	1.81692307692308
941	2.08413675213675
942	2.39025641025641
943	2.7448547008547
944	3.15805128205128
945	3.62468376068376
946	4.15572649572649
947	4.71921367521367
948	5.34136752136752
949	6.01052991452991
950	6.73818803418803
951	7.50926495726496
952	8.32748717948718
953	9.16929914529914
954	10.029264957265
955	10.8716581196581
956	11.6858461538461
957	12.4705982905983
958	13.2290256410256
959	13.9603760683761
960	14.6316923076923
961	15.2466324786325
962	15.7914871794872
963	16.2551111111111
964	16.633264957265
965	16.9270085470085
966	17.1340854700855
967	17.2502222222222
968	17.2695042735043
969	17.1855042735043
970	16.9668034188034
971	16.6081025641026
972	16.0906324786325
973	15.4803418803419
974	14.761811965812
975	13.9753846153846
976	13.1368547008547
977	12.2470427350427
978	11.3046495726496
979	10.3292307692308
980	9.33531623931623
981	8.35080341880342
982	7.37617094017094
983	6.42687179487179
984	5.53244444444444
985	4.69887179487179
986	3.94984615384615
987	3.2822905982906
988	2.69606837606837
989	2.19859829059829
990	1.79593162393162
991	1.47059829059829
992	1.20075213675214
993	0.981743589743589
994	0.795692307692307
995	0.620239316239315
996	0.457914529914529
997	0.330905982905982
998	0.249504273504273
999	0.190905982905983
1000	0.171760683760683
1001	0.0855
1002	0.04275
1003	0
1004	0
1005	0
1006	0
1007	0
1008	0
1009	0
1010	0
1011	0
1012	0
1013	0
1014	0
1015	0
1016	0
1017	0
1018	0
1019	0
1020	0
1021	0
1022	0
1023	0
1024	0
1025	0
1026	0
1027	0
1028	0
1029	0
1030	0
1031	0
1032	0
1033	0
1034	0
1035	0
1036	0
1037	0
1038	0
1039	0
1040	0
1041	0
1042	0
1043	0
1044	0
1045	0
1046	0
1047	0
1048	0
1049	0
1050	0
1051	0
1052	0
1053	0
1054	0
1055	0
1056	0
1057	0
1058	0
1059	0
1060	0
1061	0
1062	0
1063	0
1064	0
1065	0
1066	0
1067	0
1068	0
1069	0
1070	0
1071	0
1072	0
1073	0
1074	0
1075	0
1076	0
1077	0
1078	0
1079	0
1080	0
1081	0
1082	0
1083	0
1084	0
1085	0
1086	0
1087	0
1088	0
1089	0
1090	0
1091	0
1092	0
1093	0
1094	0
1095	0
1096	0
1097	0
1098	0
1099	0
1100	0
1101	0
1102	0
1103	0
1104	0
1105	0
1106	0
1107	0
1108	0
1109	0
1110	0
1111	0
1112	0
1113	0
1114	0
1115	0
1116	0
1117	0
1118	0
1119	0
1120	0
1121	0
1122	0
1123	0
1124	0
1125	0
1126	0
1127	0
1128	0
1129	0
1130	0
1131	0
1132	0
1133	0
1134	0
1135	0.041875
1136	0.08375
1137	0.167555555555555
1138	0.18451282051282
1139	0.203179487179487
1140	0.227897435897436
1141	0.26242735042735
1142	0.305401709401709
1143	0.355452991452991
1144	0.389846153846154
1145	0.413025641025641
1146	0.426324786324786
1147	0.438358974358974
1148	0.458393162393162
1149	0.500444444444444
1150	0.576820512820512
1151	0.698119658119657
1152	0.877504273504273
1153	1.12441025641026
1154	1.43617094017094
1155	1.82786324786325
1156	2.29842735042735
1157	2.84376068376068
1158	3.4642735042735
1159	4.13135042735043
1160	4.86140170940171
1161	5.63432478632478
1162	6.43353846153846
1163	7.25839316239316
1164	8.08875213675213
1165	8.92796581196581
1166	9.74345299145299
1167	10.5314871794872
1168	11.2645128205128
1169	11.921094017094
1170	12.5121025641026
1171	13.0455042735043
1172	13.5311111111111
1173	13.9579487179487
1174	14.3505299145299
1175	14.7062905982906
1176	15.0263931623932
1177	15.3198290598291
1178	15.5938461538461
1179	15.8397948717949
1180	16.0753162393162
1181	16.3003418803419
1182	16.5150085470085
1183	16.7244102564102
1184	16.9131965811966
1185	17.0888888888889
1186	17.2369230769231
1187	17.374735042735
1188	17.5071794871795
1189	17.622358974359
1190	17.7209914529914
1191	17.8102564102564
1192	17.8790085470085
1193	17.9049572649573
1194	17.8996581196581
1195	17.8637606837607
1196	17.8102564102564
1197	17.7182564102564
1198	17.5830085470085
1199	17.4357606837607
1200	17.2497777777778
1201	17.0299145299145
1202	16.794188034188
1203	16.5495384615385
1204	16.3045811965812
1205	16.0584957264957
1206	15.8306666666667
1207	15.6069401709402
1208	15.3993504273504
1209	15.1918290598291
1210	14.9976752136752
1211	14.8344615384615
1212	14.7062222222222
1213	14.6209914529914
1214	14.5784957264957
1215	14.5736068376068
1216	14.5980854700855
1217	14.6319316239316
1218	14.6940854700855
1219	14.774188034188
1220	14.8622905982906
1221	14.9491282051282
1222	15.0284444444444
1223	15.1156239316239
1224	15.1946666666667
1225	15.243452991453
1226	15.2922051282051
1227	15.3366495726496
1228	15.3608547008547
1229	15.3547008547008
1230	15.2854358974359
1231	15.1559316239316
1232	14.9584615384615
1233	14.7292649572649
1234	14.4712478632479
1235	14.2061196581197
1236	13.9057777777778
1237	13.6077264957265
1238	13.3568888888889
1239	13.1510085470085
1240	12.9916923076923
1241	12.8819829059829
1242	12.8430085470085
1243	12.8887179487179
1244	13.0118974358974
1245	13.2167521367521
1246	13.5011623931624
1247	13.8509401709402
1248	14.2625299145299
1249	14.7200341880342
1250	15.2254358974359
1251	15.7775042735043
1252	16.3242393162393
1253	16.8551111111111
1254	17.3519316239316
1255	17.7953162393162
1256	18.179452991453
1257	18.5297777777778
1258	18.8640341880342
1259	19.1663931623932
1260	19.4136068376068
1261	19.6086837606837
1262	19.7953504273504
1263	19.9669743589744
1264	20.099452991453
1265	20.166358974359
1266	20.1374017094017
1267	20.0414017094017
1268	19.8717264957265
1269	19.6062905982906
1270	19.2077606837607
1271	18.666735042735
1272	17.9624615384615
1273	17.1054700854701
1274	16.0980854700855
1275	14.9606153846154
1276	13.7106324786325
1277	12.3789743589744
1278	11.0115897435897
1279	9.63319658119658
1280	8.29326495726495
1281	7.00991452991453
1282	5.82526495726495
1283	4.74905982905983
1284	3.78317948717948
1285	2.93439316239316
1286	2.23329914529914
1287	1.66984615384615
1288	1.23080341880342
1289	0.901504273504272
1290	0.651829059829058
1291	0.486529914529913
1292	0.415247863247862
1293	0.415316239316239
1294	0.470085470085469
1295	0.540888888888888
1296	0.619897435897435
1297	0.688888888888888
1298	0.748717948717948
1299	0.806393162393162
1300	0.865435897435897
1301	0.924205128205128
1302	0.989025641025641
1303	1.05596581196581
1304	1.11682051282051
1305	1.18133333333333
1306	1.22567521367521
1307	1.25894017094017
1308	1.27391452991453
1309	1.27145299145299
1310	1.24502564102564
1311	1.20478632478632
1312	1.15408547008547
1313	1.09165811965812
1314	1.02646153846154
1315	0.956376068376068
1316	0.899999999999999
1317	0.856957264957264
1318	0.846666666666666
1319	0.868307692307692
1320	0.89876923076923
1321	0.948170940170939
1322	1.0282735042735
1323	1.15097435897436
1324	1.32929914529914
1325	1.57271794871795
1326	1.90441025641026
1327	2.32895726495726
1328	2.82878632478632
1329	3.40793162393162
1330	4.0822905982906
1331	4.83894017094017
1332	5.66242735042735
1333	6.55203418803419
1334	7.48403418803418
1335	8.44769230769231
1336	9.45832478632478
1337	10.4966495726496
1338	11.5531965811966
1339	12.6140512820513
1340	13.635282051282
1341	14.6042735042735
1342	15.4928205128205
1343	16.284
1344	16.9351794871795
1345	17.4162051282051
1346	17.7049914529915
1347	17.7889914529914
1348	17.6402393162393
1349	17.2816752136752
1350	16.7273162393162
1351	15.9911794871795
1352	15.0842393162393
1353	14.0134358974359
1354	12.8201025641026
1355	11.5440683760684
1356	10.2055726495726
1357	8.83179487179487
1358	7.46420512820512
1359	6.13203418803418
1360	4.87989743589743
1361	3.75558974358974
1362	2.77904273504273
1363	1.98102564102564
1364	1.37558974358974
1365	0.957914529914528
1366	0.752683760683759
1367	0.745675213675212
1368	0.900341880341878
1369	1.20297435897436
1370	1.64164102564102
1371	2.18266666666666
1372	2.83046153846154
1373	3.56348717948718
1374	4.37911111111111
1375	5.26417094017094
1376	6.19890598290598
1377	7.17634188034188
1378	8.16622222222222
1379	9.16844444444444
1380	10.1799316239316
1381	11.1664615384615
1382	12.0816068376068
1383	12.9032136752137
1384	13.6040341880342
1385	14.1633162393162
1386	14.5613675213675
1387	14.8031794871795
1388	14.8893333333333
1389	14.825641025641
1390	14.6185299145299
1391	14.2871452991453
1392	13.847282051282
1393	13.3167863247863
1394	12.7633504273504
1395	12.1936752136752
1396	11.6232478632479
1397	11.0749743589744
1398	10.5587692307692
1399	10.1084786324786
1400	9.75152136752136
1401	9.50748717948717
1402	9.3708376068376
1403	9.34150427350427
1404	9.43244444444444
1405	9.61323076923077
1406	9.84013675213675
1407	10.1033162393162
1408	10.3820170940171
1409	10.6608888888889
1410	10.9198632478632
1411	11.1761367521367
1412	11.4346324786325
1413	11.6635897435897
1414	11.8533333333333
1415	11.9839658119658
1416	12.0486837606838
1417	12.050188034188
1418	11.978188034188
1419	11.8418803418803
1420	11.6141538461538
1421	11.301264957265
1422	10.921641025641
1423	10.4795555555556
1424	9.98735042735042
1425	9.4339829059829
1426	8.83976068376068
1427	8.20694017094017
1428	7.54588034188034
1429	6.87497435897436
1430	6.22711111111111
1431	5.62745299145299
1432	5.08868376068376
1433	4.59302564102564
1434	4.17709401709402
1435	3.82834188034188
1436	3.55757264957265
1437	3.32297435897436
1438	3.10652991452991
1439	2.91839316239316
1440	2.75709401709402
1441	2.64854700854701
1442	2.58211965811966
1443	2.56526495726496
1444	2.59391452991453
1445	2.6391452991453
1446	2.71210256410256
1447	2.80468376068376
1448	2.91620512820513
1449	3.05904273504273
1450	3.23401709401709
1451	3.46235897435897
1452	3.7631452991453
1453	4.1474188034188
1454	4.6528547008547
1455	5.30294017094017
1456	6.07682051282051
1457	6.9537094017094
1458	7.93788034188034
1459	9.03470085470085
1460	10.2139829059829
1461	11.4662564102564
1462	12.7867692307692
1463	14.1728205128205
1464	15.6012307692308
1465	17.0483076923077
1466	18.494905982906
1467	19.8911111111111
1468	21.206358974359
1469	22.4006153846154
1470	23.4532649572649
1471	24.3598290598291
1472	25.0914188034188
1473	25.6309743589744
1474	25.9536068376068
1475	26.053811965812
1476	25.9332991452991
1477	25.6012991452991
1478	25.0807179487179
1479	24.4009914529914
1480	23.5962393162393
1481	22.6717264957265
1482	21.6479316239316
1483	20.542905982906
1484	19.3729572649573
1485	18.1226324786325
1486	16.8113846153846
1487	15.4562393162393
1488	14.0740170940171
1489	12.6705982905983
1490	11.266188034188
1491	9.88526495726495
1492	8.54711111111111
1493	7.28023931623931
1494	6.11213675213675
1495	5.05449572649572
1496	4.10147008547008
1497	3.25651282051282
1498	2.49822222222222
1499	1.82841025641025
1500	1.24280341880342
1501	0.754769230769229
1502	0.388273504273503
1503	0.145230769230768
1504	0.0186324786324778
1505	0
1506	0
1507	0
1508	0
1509	0
1510	0
1511	0
1512	0
1513	0
1514	0
1515	0
1516	0
1517	0
1518	0
1519	0
1520	0
1521	0
1522	0
1523	0
1524	0
1525	0
1526	0
1527	0
1528	0
1529	0
1530	0
1531	0
1532	0
1533	0
1534	0
1535	0
1536	0
1537	0
1538	0
1539	0
1540	0
1541	0
1542	0
1543	0
1544	0
1545	0
1546	0
1547	0
1548	0
1549	0
1550	0
1551	0
1552	0.0484102564102562
1553	0.0605811965811964
1554	0.0928888888888887
1555	0.160444444444444
1556	0.274905982905983
1557	0.425333333333333
1558	0.618666666666666
1559	0.842700854700854
1560	1.09747008547008
1561	1.3994188034188
1562	1.73059829059829
1563	2.0654358974359
1564	2.41350427350427
1565	2.77948717948718
1566	3.14222222222222
1567	3.51552136752137
1568	3.89336752136752
1569	4.27384615384615
1570	4.6582905982906
1571	5.05548717948718
1572	5.4622905982906
1573	5.87333333333333
1574	6.2785641025641
1575	6.67035897435897
1576	7.06700854700854
1577	7.4811282051282
1578	7.9156923076923
1579	8.37090598290598
1580	8.86936752136752
1581	9.38543589743589
1582	9.91405128205128
1583	10.4602051282051
1584	11.0059145299145
1585	11.5518290598291
1586	12.1092991452991
1587	12.6470427350427
1588	13.1682051282051
1589	13.6830427350427
1590	14.1853333333333
1591	14.6693675213675
1592	15.170358974359
1593	15.6776068376068
1594	16.2007179487179
1595	16.7454358974359
1596	17.2937777777778
1597	17.8484102564103
1598	18.4104273504273
1599	18.947452991453
1600	19.4684102564103
1601	19.970905982906
1602	20.4812991452991
1603	20.9736068376068
1604	21.443452991453
1605	21.886735042735
1606	22.2822564102564
1607	22.6175384615385
1608	22.873264957265
1609	23.0113846153846
1610	23.0311794871795
1611	22.9334017094017
1612	22.7060854700855
1613	22.338358974359
1614	21.8188376068376
1615	21.1492991452991
1616	20.3236239316239
1617	19.361264957265
1618	18.2511111111111
1619	17.0134358974359
1620	15.6611623931624
1621	14.2081025641026
1622	12.6989743589744
1623	11.1591111111111
1624	9.62738461538461
1625	8.15894017094017
1626	6.77702564102564
1627	5.516
1628	4.37220512820513
1629	3.36417094017094
1630	2.4994188034188
1631	1.77924786324786
1632	1.19100854700855
1633	0.739145299145297
1634	0.406427350427349
1635	0.196376068376067
1636	0.095931623931623
1637	0
1638	0
1639	0
1640	0
